5 robots
NUM_SAMPLES = 50

11:
[SUP] The tour length obtained with NN heuristic is: 103.520
[SUP] Inverted distance table:
0.000 0.060 0.060 0.046 0.052 
0.060 0.000 0.032 0.034 0.041 
0.060 0.032 0.000 0.071 0.031 
0.046 0.034 0.071 0.000 0.025 
0.052 0.041 0.031 0.025 0.000 
[SUP] Initial pheromone table:
0.002 0.002 0.002 0.002 0.002 
0.002 0.002 0.002 0.002 0.002 
0.002 0.002 0.002 0.002 0.002 
0.002 0.002 0.002 0.002 0.002 
0.002 0.002 0.002 0.002 0.002 

12:
[SUP] The tour length obtained with NN heuristic is: 107.211
[SUP] Inverted distance table:
0.000 0.064 0.051 0.050 0.042 
0.064 0.000 0.027 0.030 0.039 
0.051 0.027 0.000 0.074 0.031 
0.050 0.030 0.074 0.000 0.025 
0.042 0.039 0.031 0.025 0.000 
[SUP] Initial pheromone table:
0.002 0.002 0.002 0.002 0.002 
0.002 0.002 0.002 0.002 0.002 
0.002 0.002 0.002 0.002 0.002 
0.002 0.002 0.002 0.002 0.002 
0.002 0.002 0.002 0.002 0.002 

NUM_SAMPLES = 100

1:
[SUP] The tour length obtained with NN heuristic is: 109.258
[SUP] Inverted distance table:
0.000 0.065 0.060 0.051 0.049 
0.065 0.000 0.029 0.034 0.042 
0.060 0.029 0.000 0.070 0.028 
0.051 0.034 0.070 0.000 0.023 
0.049 0.042 0.028 0.023 0.000 
[SUP] Initial pheromone table:
0.002 0.002 0.002 0.002 0.002 
0.002 0.002 0.002 0.002 0.002 
0.002 0.002 0.002 0.002 0.002 
0.002 0.002 0.002 0.002 0.002 
0.002 0.002 0.002 0.002 0.002 

2:
[SUP] The tour length obtained with NN heuristic is: 109.216
[SUP] Inverted distance table:
0.000 0.054 0.054 0.049 0.050 
0.054 0.000 0.029 0.034 0.039 
0.054 0.029 0.000 0.065 0.030 
0.049 0.034 0.065 0.000 0.024 
0.050 0.039 0.030 0.024 0.000 
[SUP] Initial pheromone table:
0.002 0.002 0.002 0.002 0.002 
0.002 0.002 0.002 0.002 0.002 
0.002 0.002 0.002 0.002 0.002 
0.002 0.002 0.002 0.002 0.002 
0.002 0.002 0.002 0.002 0.002 

3:
[SUP] The tour length obtained with NN heuristic is: 110.284
[SUP] Inverted distance table:
0.000 0.055 0.050 0.046 0.050 
0.055 0.000 0.031 0.033 0.042 
0.050 0.031 0.000 0.072 0.031 
0.046 0.033 0.072 0.000 0.022 
0.050 0.042 0.031 0.022 0.000 
[SUP] Initial pheromone table:
0.002 0.002 0.002 0.002 0.002 
0.002 0.002 0.002 0.002 0.002 
0.002 0.002 0.002 0.002 0.002 
0.002 0.002 0.002 0.002 0.002 
0.002 0.002 0.002 0.002 0.002 

4:
[SUP] The tour length obtained with NN heuristic is: 110.064
[SUP] Inverted distance table:
0.000 0.055 0.057 0.041 0.049 
0.055 0.000 0.029 0.030 0.041 
0.057 0.029 0.000 0.070 0.031 
0.041 0.030 0.070 0.000 0.023 
0.049 0.041 0.031 0.023 0.000 
[SUP] Initial pheromone table:
0.002 0.002 0.002 0.002 0.002 
0.002 0.002 0.002 0.002 0.002 
0.002 0.002 0.002 0.002 0.002 
0.002 0.002 0.002 0.002 0.002 
0.002 0.002 0.002 0.002 0.002 
-----------------------------------------------

10 robots
NUM_SAMPLES = 250 

1:
manque le 0->7
[SUP] Inverted distance table:
0.000 0.057 0.058 0.056 0.036 0.091 0.035 0.000 0.054 0.073 
0.057 0.000 0.026 0.033 0.036 0.060 0.055 0.024 0.110 0.038 
0.058 0.026 0.000 0.061 0.026 0.049 0.023 0.057 0.031 0.077 
0.056 0.033 0.061 0.000 0.023 0.070 0.024 0.031 0.030 0.037 
0.036 0.036 0.026 0.023 0.000 0.024 0.129 0.037 0.049 0.049 
0.091 0.060 0.049 0.070 0.024 0.000 0.034 0.030 0.039 0.040 
0.035 0.055 0.023 0.024 0.129 0.034 0.000 0.030 0.110 0.047 
0.000 0.024 0.057 0.031 0.037 0.030 0.030 0.000 0.030 0.074 
0.054 0.110 0.031 0.030 0.049 0.039 0.110 0.030 0.000 0.044 
0.073 0.038 0.077 0.037 0.049 0.040 0.047 0.074 0.044 0.000 
[SUP] Initial pheromone table:
0.001 0.001 0.001 0.001 0.001 0.001 0.001 0.001 0.001 0.001 
0.001 0.001 0.001 0.001 0.001 0.001 0.001 0.001 0.001 0.001 
0.001 0.001 0.001 0.001 0.001 0.001 0.001 0.001 0.001 0.001 
0.001 0.001 0.001 0.001 0.001 0.001 0.001 0.001 0.001 0.001 
0.001 0.001 0.001 0.001 0.001 0.001 0.001 0.001 0.001 0.001 
0.001 0.001 0.001 0.001 0.001 0.001 0.001 0.001 0.001 0.001 
0.001 0.001 0.001 0.001 0.001 0.001 0.001 0.001 0.001 0.001 
0.001 0.001 0.001 0.001 0.001 0.001 0.001 0.001 0.001 0.001 
0.001 0.001 0.001 0.001 0.001 0.001 0.001 0.001 0.001 0.001 
0.001 0.001 0.001 0.001 0.001 0.001 0.001 0.001 0.001 0.001 

2 mais bloqué:
[SUP] The tour length obtained with NN heuristic is: 144.137
[SUP] Inverted distance table:
0.000 0.052 0.053 0.053 0.039 0.071 0.041 0.041 0.062 0.093 
0.052 0.000 0.024 0.033 0.039 0.061 0.056 0.021 0.085 0.038 
0.053 0.024 0.000 0.052 0.030 0.049 0.028 0.067 0.026 0.063 
0.053 0.033 0.052 0.000 0.021 0.062 0.025 0.033 0.030 0.042 
0.039 0.039 0.030 0.021 0.000 0.026 0.098 0.038 0.058 0.051 
0.071 0.061 0.049 0.062 0.026 0.000 0.034 0.026 0.051 0.040 
0.041 0.056 0.028 0.025 0.098 0.034 0.000 0.027 0.121 0.047 
0.041 0.021 0.067 0.033 0.038 0.026 0.027 0.000 0.028 0.094 
0.062 0.085 0.026 0.030 0.058 0.051 0.121 0.028 0.000 0.051 
0.093 0.038 0.063 0.042 0.051 0.040 0.047 0.094 0.051 0.000 
[SUP] Initial pheromone table:
0.001 0.001 0.001 0.001 0.001 0.001 0.001 0.001 0.001 0.001 
0.001 0.001 0.001 0.001 0.001 0.001 0.001 0.001 0.001 0.001 
0.001 0.001 0.001 0.001 0.001 0.001 0.001 0.001 0.001 0.001 
0.001 0.001 0.001 0.001 0.001 0.001 0.001 0.001 0.001 0.001 
0.001 0.001 0.001 0.001 0.001 0.001 0.001 0.001 0.001 0.001 
0.001 0.001 0.001 0.001 0.001 0.001 0.001 0.001 0.001 0.001 
0.001 0.001 0.001 0.001 0.001 0.001 0.001 0.001 0.001 0.001 
0.001 0.001 0.001 0.001 0.001 0.001 0.001 0.001 0.001 0.001 
0.001 0.001 0.001 0.001 0.001 0.001 0.001 0.001 0.001 0.001 
0.001 0.001 0.001 0.001 0.001 0.001 0.001 0.001 0.001 0.001 

2:
[SUP] The tour length obtained with NN heuristic is: 132.678
[SUP] Inverted distance table:
0.000 0.052 0.059 0.049 0.040 0.094 0.046 0.031 0.066 0.052 
0.052 0.000 0.026 0.034 0.039 0.068 0.053 0.022 0.107 0.038 
0.059 0.026 0.000 0.062 0.031 0.045 0.027 0.068 0.036 0.062 
0.049 0.034 0.062 0.000 0.019 0.068 0.024 0.033 0.030 0.042 
0.040 0.039 0.031 0.019 0.000 0.027 0.133 0.037 0.058 0.050 
0.094 0.068 0.045 0.068 0.027 0.000 0.034 0.020 0.061 0.031 
0.046 0.053 0.027 0.024 0.133 0.034 0.000 0.028 0.110 0.049 
0.031 0.022 0.068 0.033 0.037 0.020 0.028 0.000 0.034 0.087 
0.066 0.107 0.036 0.030 0.058 0.061 0.110 0.034 0.000 0.047 
0.052 0.038 0.062 0.042 0.050 0.031 0.049 0.087 0.047 0.000 
[SUP] Initial pheromone table:
0.001 0.001 0.001 0.001 0.001 0.001 0.001 0.001 0.001 0.001 
0.001 0.001 0.001 0.001 0.001 0.001 0.001 0.001 0.001 0.001 
0.001 0.001 0.001 0.001 0.001 0.001 0.001 0.001 0.001 0.001 
0.001 0.001 0.001 0.001 0.001 0.001 0.001 0.001 0.001 0.001 
0.001 0.001 0.001 0.001 0.001 0.001 0.001 0.001 0.001 0.001 
0.001 0.001 0.001 0.001 0.001 0.001 0.001 0.001 0.001 0.001 
0.001 0.001 0.001 0.001 0.001 0.001 0.001 0.001 0.001 0.001 
0.001 0.001 0.001 0.001 0.001 0.001 0.001 0.001 0.001 0.001 
0.001 0.001 0.001 0.001 0.001 0.001 0.001 0.001 0.001 0.001 
0.001 0.001 0.001 0.001 0.001 0.001 0.001 0.001 0.001 0.001 

test brute force:
NUM_SAMPLES = 350
[SUP] The tour length obtained with NN heuristic is: 142.707
[SUP] Inverted distance table:
0.000 0.056 0.057 0.055 0.038 0.092 0.038 0.038 0.056 0.087 
0.056 0.000 0.030 0.032 0.035 0.062 0.049 0.026 0.100 0.038 
0.057 0.030 0.000 0.058 0.030 0.041 0.024 0.058 0.033 0.072 
0.055 0.032 0.058 0.000 0.023 0.070 0.023 0.028 0.029 0.039 
0.038 0.035 0.030 0.023 0.000 0.029 0.081 0.038 0.053 0.050 
0.092 0.062 0.041 0.070 0.029 0.000 0.030 0.027 0.057 0.040 
0.038 0.049 0.024 0.023 0.081 0.030 0.000 0.031 0.099 0.039 
0.038 0.026 0.058 0.028 0.038 0.027 0.031 0.000 0.033 0.105 
0.056 0.100 0.033 0.029 0.053 0.057 0.099 0.033 0.000 0.052 
0.087 0.038 0.072 0.039 0.050 0.040 0.039 0.105 0.052 0.000 
[SUP] Initial pheromone table:
0.001 0.001 0.001 0.001 0.001 0.001 0.001 0.001 0.001 0.001 
0.001 0.001 0.001 0.001 0.001 0.001 0.001 0.001 0.001 0.001 
0.001 0.001 0.001 0.001 0.001 0.001 0.001 0.001 0.001 0.001 
0.001 0.001 0.001 0.001 0.001 0.001 0.001 0.001 0.001 0.001 
0.001 0.001 0.001 0.001 0.001 0.001 0.001 0.001 0.001 0.001 
0.001 0.001 0.001 0.001 0.001 0.001 0.001 0.001 0.001 0.001 
0.001 0.001 0.001 0.001 0.001 0.001 0.001 0.001 0.001 0.001 
0.001 0.001 0.001 0.001 0.001 0.001 0.001 0.001 0.001 0.001 
0.001 0.001 0.001 0.001 0.001 0.001 0.001 0.001 0.001 0.001 
0.001 0.001 0.001 0.001 0.001 0.001 0.001 0.001 0.001 0.001 
[SUP] Starting the tour 1.
